malloc 100000 32 1 0.004740
malloc 100000 128 1 0.005216
malloc 100000 256 1 0.005198
malloc 100000 512 1 0.005635
malloc 100000 1024 1 0.005083
malloc 100000 2048 1 0.005280
malloc 100000 32 2 0.007645
malloc 100000 128 2 0.008786
malloc 100000 256 2 0.005616
malloc 100000 512 2 0.005452
malloc 100000 1024 2 0.005371
malloc 100000 2048 2 0.008914
malloc 100000 32 4 0.010149
malloc 100000 128 4 0.009189
malloc 100000 256 4 0.009689
malloc 100000 512 4 0.009457
malloc 100000 1024 4 0.009177
malloc 100000 2048 4 0.009673
malloc 100000 32 5 0.016607
malloc 100000 128 5 0.014531
malloc 100000 256 5 0.014269
malloc 100000 512 5 0.015056
malloc 100000 1024 5 0.014432
malloc 100000 2048 5 0.019971
malloc 100000 32 10 0.023428
malloc 100000 128 10 0.024901
malloc 100000 256 10 0.027878
malloc 100000 512 10 0.027474
malloc 100000 1024 10 0.032350
malloc 100000 2048 10 0.027984
malloc 100000 32 25 0.054599
malloc 100000 128 25 0.062430
malloc 100000 256 25 0.062852
malloc 100000 512 25 0.059502
malloc 100000 1024 25 0.064166
malloc 100000 2048 25 0.061419
malloc 100000 32 50 0.121692
malloc 100000 128 50 0.130348
malloc 100000 256 50 0.207816
malloc 100000 512 50 0.136000
malloc 100000 1024 50 0.162589
malloc 100000 2048 50 0.148467
malloc 100000 32 75 0.221073
malloc 100000 128 75 0.608121
malloc 100000 256 75 0.315728
malloc 100000 512 75 0.300622
malloc 100000 1024 75 1.247724
malloc 100000 2048 75 2.124576
malloc 100000 32 100 0.406275
malloc 100000 128 100 0.600410
malloc 100000 256 100 0.508369
malloc 100000 512 100 2.835627
malloc 100000 1024 100 3.442519
malloc 100000 2048 100 1.180194
gmalloc 100000 32 1 0.005142
gmalloc 100000 128 1 0.005601
gmalloc 100000 256 1 0.005511
gmalloc 100000 512 1 0.005142
gmalloc 100000 1024 1 0.005884
gmalloc 100000 2048 1 0.005278
gmalloc 100000 32 2 0.007950
gmalloc 100000 128 2 0.005393
gmalloc 100000 256 2 0.009631
gmalloc 100000 512 2 0.005424
gmalloc 100000 1024 2 0.005589
gmalloc 100000 2048 2 0.005461
gmalloc 100000 32 4 0.008948
gmalloc 100000 128 4 0.010809
gmalloc 100000 256 4 0.009910
gmalloc 100000 512 4 0.011187
gmalloc 100000 1024 4 0.009840
gmalloc 100000 2048 4 0.010603
gmalloc 100000 32 5 0.013454
gmalloc 100000 128 5 0.014876
gmalloc 100000 256 5 0.015095
gmalloc 100000 512 5 0.016190
gmalloc 100000 1024 5 0.016086
gmalloc 100000 2048 5 0.015385
gmalloc 100000 32 10 0.025998
gmalloc 100000 128 10 0.029816
gmalloc 100000 256 10 0.030479
gmalloc 100000 512 10 0.025881
gmalloc 100000 1024 10 0.026424
gmalloc 100000 2048 10 0.029286
gmalloc 100000 32 25 0.056154
gmalloc 100000 128 25 0.074440
gmalloc 100000 256 25 0.066143
gmalloc 100000 512 25 0.071617
gmalloc 100000 1024 25 0.072778
gmalloc 100000 2048 25 0.067644
gmalloc 100000 32 50 0.118455
gmalloc 100000 128 50 0.145494
gmalloc 100000 256 50 0.150106
gmalloc 100000 512 50 0.172395
gmalloc 100000 1024 50 0.161096
gmalloc 100000 2048 50 0.586979
gmalloc 100000 32 75 0.215130
gmalloc 100000 128 75 0.268011
gmalloc 100000 256 75 0.527160
gmalloc 100000 512 75 0.289498
gmalloc 100000 1024 75 1.262863
gmalloc 100000 2048 75 0.991731
gmalloc 100000 32 100 0.349709
gmalloc 100000 128 100 0.636648
gmalloc 100000 256 100 0.545136
gmalloc 100000 512 100 0.840109
gmalloc 100000 1024 100 2.177579
gmalloc 100000 2048 100 3.038981
gslice 100000 32 1 0.007050
gslice 100000 128 1 0.007420
gslice 100000 256 1 0.007233
gslice 100000 512 1 0.007598
gslice 100000 1024 1 0.008678
gslice 100000 2048 1 0.008416
gslice 100000 32 2 0.007541
gslice 100000 128 2 0.008170
gslice 100000 256 2 0.007842
gslice 100000 512 2 0.007636
gslice 100000 1024 2 0.015761
gslice 100000 2048 2 0.013858
gslice 100000 32 4 0.015745
gslice 100000 128 4 0.009468
gslice 100000 256 4 0.011788
gslice 100000 512 4 0.008984
gslice 100000 1024 4 0.017023
gslice 100000 2048 4 0.016634
gslice 100000 32 5 0.018038
gslice 100000 128 5 0.016164
gslice 100000 256 5 0.016457
gslice 100000 512 5 0.016294
gslice 100000 1024 5 0.023953
gslice 100000 2048 5 0.024132
gslice 100000 32 10 0.028753
gslice 100000 128 10 0.030041
gslice 100000 256 10 0.025608
gslice 100000 512 10 0.027959
gslice 100000 1024 10 0.041022
gslice 100000 2048 10 0.046418
gslice 100000 32 25 0.062501
gslice 100000 128 25 0.064984
gslice 100000 256 25 0.070139
gslice 100000 512 25 0.075124
gslice 100000 1024 25 0.101799
gslice 100000 2048 25 0.102627
gslice 100000 32 50 0.112526
gslice 100000 128 50 0.132498
gslice 100000 256 50 0.121720
gslice 100000 512 50 0.122798
gslice 100000 1024 50 0.977878
gslice 100000 2048 50 0.303111
gslice 100000 32 75 0.167445
gslice 100000 128 75 0.170619
gslice 100000 256 75 0.175065
gslice 100000 512 75 0.169465
gslice 100000 1024 75 0.880294
gslice 100000 2048 75 2.297610
gslice 100000 32 100 0.227082
gslice 100000 128 100 0.228646
gslice 100000 256 100 0.230072
gslice 100000 512 100 0.240039
gslice 100000 1024 100 2.187109
gslice 100000 2048 100 3.830209
gobject 100000 32 1 0.078386
gobject 100000 128 1 0.077052
gobject 100000 256 1 0.077110
gobject 100000 512 1 0.077726
gobject 100000 1024 1 0.077287
gobject 100000 2048 1 0.076849
gobject 100000 32 2 0.095867
gobject 100000 128 2 0.096771
gobject 100000 256 2 0.095577
gobject 100000 512 2 0.095307
gobject 100000 1024 2 0.102020
gobject 100000 2048 2 0.094595
gobject 100000 32 4 0.123286
gobject 100000 128 4 0.124498
gobject 100000 256 4 0.131061
gobject 100000 512 4 0.140215
gobject 100000 1024 4 0.144982
gobject 100000 2048 4 0.136451
gobject 100000 32 5 0.165875
gobject 100000 128 5 0.163395
gobject 100000 256 5 0.175948
gobject 100000 512 5 0.162846
gobject 100000 1024 5 0.173533
gobject 100000 2048 5 0.163951
gobject 100000 32 10 0.309823
gobject 100000 128 10 0.320300
gobject 100000 256 10 0.310020
gobject 100000 512 10 0.313728
gobject 100000 1024 10 0.315419
gobject 100000 2048 10 0.314276
gobject 100000 32 25 0.764428
gobject 100000 128 25 0.763404
gobject 100000 256 25 0.770164
gobject 100000 512 25 0.763706
gobject 100000 1024 25 0.772759
gobject 100000 2048 25 0.762777
gobject 100000 32 50 1.512284
gobject 100000 128 50 1.517166
gobject 100000 256 50 1.531922
gobject 100000 512 50 1.558318
gobject 100000 1024 50 1.528024
gobject 100000 2048 50 1.549635
gobject 100000 32 75 2.315712
gobject 100000 128 75 2.376455
gobject 100000 256 75 2.317179
gobject 100000 512 75 2.270916
gobject 100000 1024 75 2.303735
gobject 100000 2048 75 2.323635
gobject 100000 32 100 3.020529
gobject 100000 128 100 3.036020
gobject 100000 256 100 3.167859
gobject 100000 512 100 3.034624
gobject 100000 1024 100 3.028337
gobject 100000 2048 100 3.071505
malloc+tcmalloc 100000 32 1 0.001558
malloc+tcmalloc 100000 128 1 0.001551
malloc+tcmalloc 100000 256 1 0.001572
malloc+tcmalloc 100000 512 1 0.001601
malloc+tcmalloc 100000 1024 1 0.001557
malloc+tcmalloc 100000 2048 1 0.001606
malloc+tcmalloc 100000 32 2 0.003379
malloc+tcmalloc 100000 128 2 0.001578
malloc+tcmalloc 100000 256 2 0.001587
malloc+tcmalloc 100000 512 2 0.001617
malloc+tcmalloc 100000 1024 2 0.001611
malloc+tcmalloc 100000 2048 2 0.001857
malloc+tcmalloc 100000 32 4 0.005241
malloc+tcmalloc 100000 128 4 0.003147
malloc+tcmalloc 100000 256 4 0.003219
malloc+tcmalloc 100000 512 4 0.003878
malloc+tcmalloc 100000 1024 4 0.003177
malloc+tcmalloc 100000 2048 4 0.003816
malloc+tcmalloc 100000 32 5 0.005802
malloc+tcmalloc 100000 128 5 0.005175
malloc+tcmalloc 100000 256 5 0.004907
malloc+tcmalloc 100000 512 5 0.004644
malloc+tcmalloc 100000 1024 5 0.005786
malloc+tcmalloc 100000 2048 5 0.006065
malloc+tcmalloc 100000 32 10 0.010319
malloc+tcmalloc 100000 128 10 0.008828
malloc+tcmalloc 100000 256 10 0.007769
malloc+tcmalloc 100000 512 10 0.007834
malloc+tcmalloc 100000 1024 10 0.008951
malloc+tcmalloc 100000 2048 10 0.009115
malloc+tcmalloc 100000 32 25 0.024865
malloc+tcmalloc 100000 128 25 0.023568
malloc+tcmalloc 100000 256 25 0.023276
malloc+tcmalloc 100000 512 25 0.021637
malloc+tcmalloc 100000 1024 25 0.024100
malloc+tcmalloc 100000 2048 25 0.019785
malloc+tcmalloc 100000 32 50 0.047855
malloc+tcmalloc 100000 128 50 0.044028
malloc+tcmalloc 100000 256 50 0.042385
malloc+tcmalloc 100000 512 50 0.042602
malloc+tcmalloc 100000 1024 50 0.046524
malloc+tcmalloc 100000 2048 50 0.043561
malloc+tcmalloc 100000 32 75 0.072519
malloc+tcmalloc 100000 128 75 0.064091
malloc+tcmalloc 100000 256 75 0.062110
malloc+tcmalloc 100000 512 75 0.059745
malloc+tcmalloc 100000 1024 75 0.065720
malloc+tcmalloc 100000 2048 75 0.068485
malloc+tcmalloc 100000 32 100 0.101176
malloc+tcmalloc 100000 128 100 0.085026
malloc+tcmalloc 100000 256 100 0.092039
malloc+tcmalloc 100000 512 100 0.087809
malloc+tcmalloc 100000 1024 100 0.094831
malloc+tcmalloc 100000 2048 100 0.092988
gmalloc+tcmalloc 100000 32 1 0.001828
gmalloc+tcmalloc 100000 128 1 0.001816
gmalloc+tcmalloc 100000 256 1 0.001851
gmalloc+tcmalloc 100000 512 1 0.001970
gmalloc+tcmalloc 100000 1024 1 0.001796
gmalloc+tcmalloc 100000 2048 1 0.001758
gmalloc+tcmalloc 100000 32 2 0.003863
gmalloc+tcmalloc 100000 128 2 0.001830
gmalloc+tcmalloc 100000 256 2 0.001791
gmalloc+tcmalloc 100000 512 2 0.001761
gmalloc+tcmalloc 100000 1024 2 0.002312
gmalloc+tcmalloc 100000 2048 2 0.001860
gmalloc+tcmalloc 100000 32 4 0.004032
gmalloc+tcmalloc 100000 128 4 0.005245
gmalloc+tcmalloc 100000 256 4 0.005677
gmalloc+tcmalloc 100000 512 4 0.003507
gmalloc+tcmalloc 100000 1024 4 0.004215
gmalloc+tcmalloc 100000 2048 4 0.003617
gmalloc+tcmalloc 100000 32 5 0.005836
gmalloc+tcmalloc 100000 128 5 0.005056
gmalloc+tcmalloc 100000 256 5 0.005474
gmalloc+tcmalloc 100000 512 5 0.005249
gmalloc+tcmalloc 100000 1024 5 0.005436
gmalloc+tcmalloc 100000 2048 5 0.005381
gmalloc+tcmalloc 100000 32 10 0.010384
gmalloc+tcmalloc 100000 128 10 0.009738
gmalloc+tcmalloc 100000 256 10 0.008636
gmalloc+tcmalloc 100000 512 10 0.009471
gmalloc+tcmalloc 100000 1024 10 0.008748
gmalloc+tcmalloc 100000 2048 10 0.010043
gmalloc+tcmalloc 100000 32 25 0.027388
gmalloc+tcmalloc 100000 128 25 0.027435
gmalloc+tcmalloc 100000 256 25 0.026793
gmalloc+tcmalloc 100000 512 25 0.028252
gmalloc+tcmalloc 100000 1024 25 0.022894
gmalloc+tcmalloc 100000 2048 25 0.028647
gmalloc+tcmalloc 100000 32 50 0.063907
gmalloc+tcmalloc 100000 128 50 0.051055
gmalloc+tcmalloc 100000 256 50 0.050191
gmalloc+tcmalloc 100000 512 50 0.050877
gmalloc+tcmalloc 100000 1024 50 0.055027
gmalloc+tcmalloc 100000 2048 50 0.050672
gmalloc+tcmalloc 100000 32 75 0.091100
gmalloc+tcmalloc 100000 128 75 0.074857
gmalloc+tcmalloc 100000 256 75 0.079104
gmalloc+tcmalloc 100000 512 75 0.077601
gmalloc+tcmalloc 100000 1024 75 0.080083
gmalloc+tcmalloc 100000 2048 75 0.078927
gmalloc+tcmalloc 100000 32 100 0.106687
gmalloc+tcmalloc 100000 128 100 0.107579
gmalloc+tcmalloc 100000 256 100 0.111915
gmalloc+tcmalloc 100000 512 100 0.102025
gmalloc+tcmalloc 100000 1024 100 0.097024
gmalloc+tcmalloc 100000 2048 100 0.102218
gslice+tcmalloc 100000 32 1 0.007436
gslice+tcmalloc 100000 128 1 0.007562
gslice+tcmalloc 100000 256 1 0.007595
gslice+tcmalloc 100000 512 1 0.007166
gslice+tcmalloc 100000 1024 1 0.005077
gslice+tcmalloc 100000 2048 1 0.005626
gslice+tcmalloc 100000 32 2 0.008522
gslice+tcmalloc 100000 128 2 0.008552
gslice+tcmalloc 100000 256 2 0.007890
gslice+tcmalloc 100000 512 2 0.007709
gslice+tcmalloc 100000 1024 2 0.005273
gslice+tcmalloc 100000 2048 2 0.007081
gslice+tcmalloc 100000 32 4 0.010487
gslice+tcmalloc 100000 128 4 0.010275
gslice+tcmalloc 100000 256 4 0.009817
gslice+tcmalloc 100000 512 4 0.011617
gslice+tcmalloc 100000 1024 4 0.009144
gslice+tcmalloc 100000 2048 4 0.009041
gslice+tcmalloc 100000 32 5 0.016948
gslice+tcmalloc 100000 128 5 0.015716
gslice+tcmalloc 100000 256 5 0.017299
gslice+tcmalloc 100000 512 5 0.017434
gslice+tcmalloc 100000 1024 5 0.012047
gslice+tcmalloc 100000 2048 5 0.013049
gslice+tcmalloc 100000 32 10 0.025369
gslice+tcmalloc 100000 128 10 0.027026
gslice+tcmalloc 100000 256 10 0.028783
gslice+tcmalloc 100000 512 10 0.024938
gslice+tcmalloc 100000 1024 10 0.024508
gslice+tcmalloc 100000 2048 10 0.022135
gslice+tcmalloc 100000 32 25 0.061582
gslice+tcmalloc 100000 128 25 0.056732
gslice+tcmalloc 100000 256 25 0.061513
gslice+tcmalloc 100000 512 25 0.060512
gslice+tcmalloc 100000 1024 25 0.053187
gslice+tcmalloc 100000 2048 25 0.055637
gslice+tcmalloc 100000 32 50 0.118068
gslice+tcmalloc 100000 128 50 0.137619
gslice+tcmalloc 100000 256 50 0.120218
gslice+tcmalloc 100000 512 50 0.130993
gslice+tcmalloc 100000 1024 50 0.117831
gslice+tcmalloc 100000 2048 50 0.124285
gslice+tcmalloc 100000 32 75 0.192299
gslice+tcmalloc 100000 128 75 0.188921
gslice+tcmalloc 100000 256 75 0.203097
gslice+tcmalloc 100000 512 75 0.201787
gslice+tcmalloc 100000 1024 75 0.171125
gslice+tcmalloc 100000 2048 75 0.164778
gslice+tcmalloc 100000 32 100 0.253979
gslice+tcmalloc 100000 128 100 0.233471
gslice+tcmalloc 100000 256 100 0.240366
gslice+tcmalloc 100000 512 100 0.238950
gslice+tcmalloc 100000 1024 100 0.201184
gslice+tcmalloc 100000 2048 100 0.235104
gobject+tcmalloc 100000 32 1 0.079075
gobject+tcmalloc 100000 128 1 0.078424
gobject+tcmalloc 100000 256 1 0.078339
gobject+tcmalloc 100000 512 1 0.076946
gobject+tcmalloc 100000 1024 1 0.078295
gobject+tcmalloc 100000 2048 1 0.079850
gobject+tcmalloc 100000 32 2 0.096771
gobject+tcmalloc 100000 128 2 0.097482
gobject+tcmalloc 100000 256 2 0.095933
gobject+tcmalloc 100000 512 2 0.095897
gobject+tcmalloc 100000 1024 2 0.096272
gobject+tcmalloc 100000 2048 2 0.095432
gobject+tcmalloc 100000 32 4 0.126104
gobject+tcmalloc 100000 128 4 0.130092
gobject+tcmalloc 100000 256 4 0.126589
gobject+tcmalloc 100000 512 4 0.127669
gobject+tcmalloc 100000 1024 4 0.129731
gobject+tcmalloc 100000 2048 4 0.126811
gobject+tcmalloc 100000 32 5 0.168574
gobject+tcmalloc 100000 128 5 0.158401
gobject+tcmalloc 100000 256 5 0.158458
gobject+tcmalloc 100000 512 5 0.165817
gobject+tcmalloc 100000 1024 5 0.158451
gobject+tcmalloc 100000 2048 5 0.158823
gobject+tcmalloc 100000 32 10 0.318504
gobject+tcmalloc 100000 128 10 0.320877
gobject+tcmalloc 100000 256 10 0.304465
gobject+tcmalloc 100000 512 10 0.320076
gobject+tcmalloc 100000 1024 10 0.307420
gobject+tcmalloc 100000 2048 10 0.314414
gobject+tcmalloc 100000 32 25 0.779282
gobject+tcmalloc 100000 128 25 0.752218
gobject+tcmalloc 100000 256 25 0.762520
gobject+tcmalloc 100000 512 25 0.778549
gobject+tcmalloc 100000 1024 25 0.747542
gobject+tcmalloc 100000 2048 25 0.791913
gobject+tcmalloc 100000 32 50 1.538599
gobject+tcmalloc 100000 128 50 1.502776
gobject+tcmalloc 100000 256 50 1.512975
gobject+tcmalloc 100000 512 50 1.576299
gobject+tcmalloc 100000 1024 50 1.522297
gobject+tcmalloc 100000 2048 50 1.539108
gobject+tcmalloc 100000 32 75 2.324956
gobject+tcmalloc 100000 128 75 2.340955
gobject+tcmalloc 100000 256 75 2.284028
gobject+tcmalloc 100000 512 75 2.235455
gobject+tcmalloc 100000 1024 75 2.359769
gobject+tcmalloc 100000 2048 75 2.307190
gobject+tcmalloc 100000 32 100 3.020367
gobject+tcmalloc 100000 128 100 3.114182
gobject+tcmalloc 100000 256 100 3.045524
gobject+tcmalloc 100000 512 100 3.043483
gobject+tcmalloc 100000 1024 100 3.191755
gobject+tcmalloc 100000 2048 100 3.003045
